0 67 34 0 69 24 78 58 62 64 
67 0 81 27 61 91 95 42 27 36 
34 81 0 53 92 82 21 16 18 95 
0 27 53 0 69 12 67 99 35 94 
69 61 92 69 0 64 41 11 53 68 
24 91 82 12 64 0 23 41 29 78 
78 95 21 67 41 23 0 42 64 48 
58 42 16 99 11 41 42 0 93 48 
62 27 18 35 53 29 64 93 0 8 
64 36 95 94 68 78 48 48 8 0 
